%%
T = [11  12  1  2  3  4  5  6  7  8  9  10]
%%
X = [2.32  3.43;4.37  5.98]
%%
Null = [ ]           %生成一个空矩阵