%%
R=[1 2 3;4 5 6], M=[11 12 13;14 15 16]
RM=R+i*M
